15:
  PRESELECTION:
    false:
      DITAU_DETA:
        OS_NONID:
          OS_ISOL:
            qcd_data_scale: 1.0
            qcd_others_scale: 1.0
            qcd_scale: 2.080131413563612
            qcd_scale_error: 1.0004466223558648
            qcd_z_scale: 1.0
            z_scale: 1.4369262097365085
            z_scale_error: 0.3645017364699171
        OS_NONISOL:
          OS_ISOL:
            qcd_data_scale: 1.0
            qcd_others_scale: 1.0
            qcd_scale: 2.6047099155646105
            qcd_scale_error: 0.442622554660909
            qcd_z_scale: 1.0
            z_scale: 9.393892139368359e-11
            z_scale_error: 2.951837518549267e-09
        nOS:
          OS_ISOL:
            qcd_data_scale: 1.0
            qcd_others_scale: 1.0
            qcd_scale: 0.8183082063108414
            qcd_scale_error: 0.2807156924812673
            qcd_z_scale: 1.0
            z_scale: 0.9017474601099477
            z_scale_error: 0.4266302548333412
        nOS_NONISOL:
          OS_ISOL:
            qcd_data_scale: 1.0
            qcd_others_scale: 1.0
            qcd_scale: 2.819093579281045
            qcd_scale_error: 1.2851149945882117
            qcd_z_scale: 1.0
            z_scale: 0.8910176796999276
            z_scale_error: 0.5717304888023073
